$
&Graph
A1
0,4,6,0,2
-1 2 5
-2 3
-3 4 8
-4 5 9
-5 
-6 7 10
-7 8
-8 9
-9 10
-10 0
$
&Graph
A2
0,6,4,0,1
-1 2 5
-2 3 6
-3 4 8
-4 5 9
-5 
-6 7 10
-7 8
-8 9
-9 10
-10 0
$
&Graph
A3
0,6,4,0,2
-1 2 5 6
-2 3
-3 4 8
-4 5 9
-5 
-6 7 10
-7 8
-8 9
-9 10
-10 0
$
&Graph
A4
0,6,4,0,0
-1 2 5 
-2 3 7
-3 4 8
-4 5 9
-5 
-6 7 10
-7 8
-8 9
-9 10
-10 0
$
&Graph
A5 = U4,25
1,4,5,0,3
-1 2 5
-2 3
-3 4 8
-4 5 6 9
-5 
-6 7 10
-7 8
-8 9
-9 10
-10 0
$
&Graph
A6
1,4,5,0,3
-1 2 5
-2 3
-3 4 8
-4 5 7 9
-5 
-6 7 10
-7 8
-8 9
-9 10
-10 0
$
&Graph
A7
2,4,4,0,3
-1 2 5
-2 3
-3 4 8 10
-4 5 6 9
-5 
-6 7 10
-7 8
-8 9
-9 10
-10 0
$
&Graph
A8
1,6,3,0,2
-1 2 5 6
-2 3
-3 4 8
-4 5 7 9
-5 
-6 7 10
-7 8
-8 9
-9 10
-10 0
$
&Graph
A9
1,6,3,0,1
-1 2 5 7 10
-2 3
-3 4 8
-4 5 9
-5 
-6 7 10
-7 8
-8 9
-9 10
-10 0
$
&Graph
A11
2,4,4,0,3
-1 2 5 6
-2 3
-3 4 8
-4 5 6 9
-5 
-6 7 10
-7 8
-8 9
-9 10
-10 0
$
&Graph
A12
2,4,4,0,2
-1 2 5 
-2 3 9
-3 4 8
-4 5 6 9
-5 
-6 7 10
-7 8
-8 9
-9 10
-10 0
$
&Graph
A13 = N8,3b
4,6,0,0,0
-1 2 5 6
-2 3 7
-3 4 8 10
-4 5 6 9 
-5 10
-6 7 10
-7 8
-8 9
-9 10
-10 0
$
&Graph
A14
2,4,4,0,3
-1 2 5
-2 3
-3 4 9
-4 5 9 7
-5 
-6 7 10
-7 8
-8 9
-9 10
-10 0
$
&Graph
A15 = U4,6
2,4,4,0,4
-1 2 5
-2 3
-3 4 8
-4 5 7 9
-5 8
-6 7 10
-7 8 
-8 9
-9 10
-10 0
$
&Graph
A16
2,4,4,0,2
-1 2 5
-2 3 7
-3 4 8
-4 5 7 9
-5 
-6 7 10
-7 8 
-8 9
-9 10
-10 0
$
&Graph
A18
3,4,3,0,4
-1 2 5
-2 3 9
-3 4 8 10
-4 5 6 9
-5 
-6 7 10
-7 8 
-8 9
-9 10
-10 0
$
&Graph
A19
3,4,3,0,3
-1 2 5 6
-2 3
-3 4 8 10
-4 2 5 9
-5 
-6 7 10
-7 8 
-8 9
-9 10
-10 0
$
&Graph
A20
3,6,1,0,1
-1 2 5 
-2 3 7
-3 4 8 10
-4 5 6 9
-5 7
-6 7 10
-7 8 
-8 9
-9 10
-10 0
$
&Graph
A21
4,4,2,0,1
-1 2 5 8
-2 3 
-3 4 8 10
-4 5 6 9 
-5 10
-6 7 10
-7 8 
-8 9
-9 10
-10 0
$
&Graph
A22
4,6,0,0,0
-1 2 5 6
-2 3 7
-3 4 8 10
-4 5 9 10
-5 7
-6 7 10
-7 8 
-8 9
-9 10
-10 0
$
&Graph
A23
3,2,5,0,5
-1 2 5 6 9 
-2 3
-3 4 6 8
-4 5
-5 8 10
-6 7 10
-7 8 
-8 9
-9 10
-10 0
$
&Graph
A24
4,2,4,0,4
-1 2 5 6 9
-2 3
-3 4 6 8
-4 5 9
-5 
-6 7 10
-7 8 
-8 9
-9 10
-10 0
$
&Graph
A25
5,2,3,0,2
-1 2 5 6 9
-2 3
-3 4 6 8
-4 5
-5 8 10
-6 7 10
-7 8 
-8 9
-9 10
-10 0
$
&Graph
A26 = N6,3Aa
6,2,2,0,2
-1 2 5 6 9
-2 3 10
-3 4 6 8
-4 5
-5 8 10
-6 7 10
-7 8 
-8 9
-9 10
-10 0
$
&Graph
A27
6,4,0,0,0
-1 2 5 6 9
-2 3 7
-3 4 6 8
-4 5 7
-5 8 10
-6 7 10
-7 8 
-8 9
-9 10
-10 0
$
&Graph
A28
0,8,2,0,0
-1 2 5 6
-2 3 7
-3 4 8
-4 5 9
-5 
-6 7 10
-7 8 
-8 9
-9 10
-10 0
$
&Graph
A29 = H3Ea
4,2,4,0,4
-1 2 5
-2 3 6 9
-3 4 8
-4 5
-5 6 9
-6 7 10
-7 8 
-8 9
-9 10
-10 0
$
&Graph
A30
0,10,0,0,0
-1 2 5 6
-2 3 7
-3 4 8
-4 5 9
-5 10
-6 7 10
-7 8 
-8 9
-9 10
-10 0
$
&Graph
A31
4,0,6,0,8
-1 2 5
-2 3 6 9
-3 4
-4 5
-5 6 9
-6 7 10
-7 8 
-8 9
-9 10
-10 0
$
&Graph
A32 = U4,11
4,2,4,0,4
-1 2 5 10
-2 3 6 9
-3 4
-4 5
-5 6 9
-6 7 10
-7 8 
-8 9
-9 10
-10 0
$
&Graph
A33
4,2,4,0,4
-1 2 5 7
-2 3 6 9
-3 4
-4 5
-5 6 9
-6 7 10
-7 8 
-8 9
-9 10
-10 0
$
&Graph
A34
5,4,1,0,4
-1 2 5 7 10
-2 3 6 9
-3 4 8
-4 5
-5 6 9
-6 7 10
-7 8 
-8 9
-9 10
-10 0
$
&Graph
A35 = H5Ba
4,4,2,0,2
-1 2 5 10
-2 3 6 9
-3 4 8
-4 5
-5 6 9
-6 7 10
-7 8 
-8 9
-9 10
-10 0
$
&Graph
A36
5,4,1,0,2
-1 2 5 7 10
-2 3 6 9
-3 4 8
-4 5
-5 6 9
-6 7 10
-7 8 
-8 9
-9 10
-10 0
$
&Graph
A37 = U4,10
4,6,0,0,0
-1 2 5 6 9
-2 3 10
-3 4 6 8
-4 5 7
-5 10
-6 7 10
-7 8 
-8 9
-9 10
-10 0
$
&Graph
A38
3,4,3,0,2
-1 2 5 6 9
-2 3
-3 4 6 8
-4 5
-5 10
-6 7 10
-7 8 
-8 9
-9 10
-10 0
$
&Graph
A39
4,4,2,0,2
-1 2 5 6 9
-2 3 10
-3 4 6 8
-4 5
-5 10
-6 7 10
-7 8 
-8 9
-9 10
-10 0
$
&Graph
A40
4,4,2,0,2
-1 2 5 6 9
-2 3 7
-3 4 6 8
-4 5 9
-5 
-6 7 10
-7 8 
-8 9
-9 10
-10 0
$
&Graph
A41 = N7,1f
4,4,2,0,2
-1 2 5 6
-2 3
-3 4 8 10
-4 5 6 9
-5 10
-6 7 10
-7 8 
-8 9
-9 10
-10 0
$
&Graph
A42
5,4,1,0,0
-1 2 5 6 9
-2 3 7
-3 4 6 8
-4 5
-5 8 10
-6 7 10
-7 8 
-8 9
-9 10
-10 0
$
&Graph
A43
6,4,0,0,0
-1 2 5 6 9
-2 3 7
-3 4 6 8
-4 5
-5 8 10
-6 7 10
-7 8 
-8 9
-9 10
-10 0
$
&Graph
A44
3,6,1,0,2
-1 2 5 7
-2 3 9
-3 4 8 10
-4 5 6 9
-5 
-6 7 10
-7 8 
-8 9
-9 10
-10 0
$
&Graph
A45
3,6,1,0,2
-1 2 5 7
-2 3 9
-3 4 8 10
-4 5 6 9
-5 
-6 7 10
-7 8 
-8 9
-9 10
-10 0
$
&Graph
A46
2,6,2,0,2
-1 2 5 6
-2 3
-3 4 8 10
-4 5 7 9
-5 
-6 7 10
-7 8 
-8 9
-9 10
-10 0
$
&Graph
A47
2,6,2,0,2
-1 2 5 10
-2 3 7
-3 4 8
-4 5 7 9
-5 
-6 7 10
-7 8 
-8 9
-9 10
-10 0
$
&Graph
A48 = U4,9
2,6,2,0,1
-1 2 5 6
-2 3 7
-3 4 8
-4 5 7 9
-5 
-6 7 10
-7 8 
-8 9
-9 10
-10 0
$
&Graph
A49
2,6,2,0,2
-1 2 5 10
-2 3
-3 4 8
-4 5 7 9
-5 8
-6 7 10
-7 8 
-8 9
-9 10
-10 0
$
&Graph
A50
2,8,0,0,0
-1 2 5 10
-2 3 7
-3 4 8
-4 5 7 9
-5 8
-6 7 10
-7 8 
-8 9
-9 10
-10 0
$
&Graph
A51
2,6,2,0,0
-1 2 5 6
-2 3 7
-3 4 8
-4 5 6 9
-5 
-6 7 10
-7 8 
-8 9
-9 10
-10 0
$
&Graph
A52
2,8,0,0,0
-1 2 5 6
-2 3 7
-3 4 8
-4 5 6 9
-5 10
-6 7 10
-7 8 
-8 9
-9 10
-10 0
$
&Graph
A53
1,6,3,0,0
-1 2 5 
-2 3 7
-3 4 8
-4 5 6 9
-5 
-6 7 10
-7 8 
-8 9
-9 10
-10 0
$
&Graph
A54
1,7,2,0,0
-1 2 5 6
-2 3
-3 4 8
-4 5 6 9 
-5 10
-6 7 10
-7 8 
-8 9
-9 10
-10 0
$
&Graph
A55
1,8,1,0,0
-1 2 5
-2 3 7
-3 4 8
-4 5 6 9
-5 10
-6 7 10
-7 8 
-8 9
-9 10
-10 0
$
&Graph
A56
1,6,3,0,1
-1 2 5
-2 3
-3 4 8
-4 5 6 9
-5 10
-6 7 10
-7 8 
-8 9
-9 10
-10 0
$
&Graph
B1
1,2,6,0,3
-1 2 4
-2 3
-3 5
-4 5
-5 6 8
-6 7 9
-7 8
-8 9
-9 0
$
&Graph
B2 = N7,1b
4,0,5,0,4
-1 2 3
-2 5
-3 4 6
-4 5
-5 6 7
-6 8 9
-7 8 9
-8 
-9 0
$
&Graph
B3
0,4,3,2,3
-1 2 3
-2 4
-3 7
-4 5 7
-5 6 8
-6 
-7 8
-8 9
-9 0
$
&Graph
B4
0,4,2,0,3
-1 2 3
-2 4
-3 7
-4 5 7
-5 6 8
-6 
-7 8
-8 9
-9 0
$
&Graph
B5
2,1,5,1,4
-1 2 5
-2 3
-3 5 9
-4 7
-5 6 8
-6 
-7 8
-8 9
-9 0
$
&Graph
H3Da
6,4,1,0,0
-1 2 5 9 11
-2 3 8
-3 4 7
-4 5 8 11
-5 7 10
-6 7 8 11
-7 9
-8 9
-9 10
-10 
-11 0
$
&Graph
H3Ea
4,2,4,0,4
-1 2 3 10
-2 4 6
-3 4 7 8
-4 5 9
-5 7
-6 7
-7 9
-8 9
-9 10
-10 0
$
&Graph
H3Eb = H3Rc
4,4,3,0,7
-1 2 4 11
-2 3 5
-3 8
-4 5 8 9
-5 6 10
-6 7 8
-7 9
-8 10
-9 10
-10 11
-11 0
$
&Graph
H3Ra
2,5,2,1,4
-1 2 5
-2 6
-3 4 8
-4 5 6
-5 7 9
-6 7 9
-7 8
-8 
-9 10
-10 0
$
&Graph
H3Ra1
3,5,1,1,4
-1 2 5
-2 6
-3 4 8
-4 5 6
-5 7 9
-6 7 9
-7 8
-8 9
-9 10
-10 0
$
&Graph
H3Rb
3,6,2,0,2
-1 2 5
-2 6 9
-3 4 8
-4 5 6 9
-5 7 10
-6 7 8 10
-7 8
-8 
-9 11
-10 11
-11 0
$
&Graph
H3Re = H3Eb
4,4,0,7
-1 2 3 5
-2 6
-3 4 8
-4 5 6 9
-5 7 10
-6 7 10
-7 8 9
-8 
-9 11
-10 11
-11 0
$
&Graph
H4Ba = M6
3,1,4,1,5
-1 2
-2 3 4
-3 5
-4 5 7 9
-5 6
-6 7 8
-7 
-8 9
-9 0
$
&Graph
H4Bb
10
-1 2 4 7 10
-2 3 5 6
-3 4
-4 5
-5 7 8
-6 9
-7 9
-8 10
-9 10 0
$
&Graph
H4Cb
11
-1 2 5 6 9
-2 3 10 8
-3 7 4
-4 8 5
-5 7
-6 11 8
-7 9
-9 10
-10 11 0
$
&Graph
H4D
11
-1 2 6 7 10
-2 3 5
-3 8
-4 6 9
-5 6 11 7
-6 1 4 8 10
-7 9 8
-8 10
-9 10
-10 11 0
$
&Graph
H5Aa
9
-1 2 8 5 6
-2 3
-3 4
-4 5
-5 7 9
-6 7 9
-7 8
-8 9 0
$
&Graph
H5Ba
10
-1 2 5 3
-2 7
-3 4 10
-4 5 9 7
-5 6 8
-6 7 9
-7 8
-8 9 10 0
$
&Graph
H5Ea
8
-1 2
-2 6 8 4
-3 4 8 6
-4 5 7
-5 8 6
-6 7
-7 8 0
$
&Graph
H5Eb
9
-1 2 4 6 7
-2 5 3
-3 6 7 4
-4 5
-5 7 6
-6 9
-7 8
-8 9 0
$
&Graph
M1
9
-1 2 5 6
-2 3
-4 5 7 8
-6 7 8
-7 9
-8 9 0
$
&Graph
M2
10
-1 2 4 7
-2 3 6
-3 4 10
-4 5
-5 6
-7 10 8
-8 9
-9 10 0
$
&Graph
M3
9
-1 2 7 8
-2 3 5
-3 4
-4 5
-5 6
-6 7 8
-8 9 0
$
&Graph
M4
10
-1 2 6 8
-2 3 5
-3 6 4
-4 8
-5 7
-6 7
-7 8
-8 9
-9 10 0
$
&Graph
M5
9
-1 2
-2 3 7 8
-3 5 4
-4 8 7
-5 6
-6 8 7
-8 9 0
$
&Graph
M6
9
-1 2 5 7
-2 3
-3 4 5
-5 6 9
-6 7
-7 8
-8 9 0
$
&Graph
M7
10
-1 2 7 8
-2 3
-3 4
-4 8 5
-5 6
-6 7
-7 9
-8 10
-9 10 0
$
&Graph
M8
10
-1 2 7 8
-2 3
-3 4 7
-4 5 10
-5 6 9
-6 7
-7 10
-8 9
-9 10 0
$
&Graph
M9
8
-1 4
-2 3
-3 4 6 8
-4 7 5
-5 8 6
-6 7
-7 8 0
$
&Graph
M10
8
-1 4
-2 3
-3 4 6 8
-4 7 5
-5 6
-6 7
-7 8 0
$
&Graph
M11
11
-1 2 5 11
-2 3
-3 4
-4 5 11
-5 8 9
-6 11 7 9
-7 8
-8 10
-9 10
-10 11 0
$
&Graph
N6,2a
11
-1 2 3 4 11
-2 7 9
-3 7 5
-4 5 8
-5 6
-6 11
-7 8
-9 10
-10 11 0
$
&Graph
N6,2b
11
-1 2 4 7
-2 3 6
-3 11
-4 9 5
-5 8 6
-6 10 7
-7 8 11
-8 9
-9 10
-10 11 0
$
&Graph
N6,2c
11
-1 2 4 8
-2 6 3
-3 9 4
-4 5 11
-5 6 7
-6 10
-7 11 8
-8 9
-9 10
-10 11 0
$
&Graph
N7,1b
9
-1 4 2
-2 3 6 7
-3 4
-4 6 7
-5 6 7
-6 9
-7 8
-8 9 0
$
&Graph
N7,1c
8
-1 2
-2 9 7 3
-3 4 5 6
-4 9 7
-5 7 8
-6 7
-8 9 0
$
&Graph
N7,1e
10
-1 5 2
-2 3 4 10
-3 5 6 8
-4 5
-5 10
-6 7 10
-7 8
-8 9
-9 10 0
$
&Graph
N7,1f
10
-1 2 4
-2 3 5 6
-3 9 8 4
-4 5 6
-5 10
-6 10 7
-7 8
-9 10 0
$
&Graph
N7,1g
10
-1 2 4 5 10
-2 3
-3 4 5 10
-4 7
-5 6 8
-6 10 7
-7 9
-8 9
-9 10 0
$
&Graph
N7,3a
10
-1 2 8
-2 3 6 9
-3 7 4
-4 5
-5 8 6 9
-6 7
-7 8 9
-9 10 0
$
&Graph
N7,3b
10
-1 2 4 8
-2 7 3 9
-3 4 6
-4 5
-5 6 7 9
-6 8
-7 8
-8 9
-9 10 0
$
&Graph
N7,3c
11
-1 8 5 2
-2 4 3 11
-3 7 6
-4 5 7 9
-5 6 11
-7 8 11
-9 10
-10 11 0
$
&Graph
N7,3d
11
-1 2 7 5
-2 4 3 11
-3 6 8
-4 8 10 5
-5 11 6
-6 7
-7 8
-8 11
-9 10 11 0
$
&Graph
N7,5
11
-1 8 6 2
-2 5 3
-3 11 9
-4 10 11 5
-5 6 9
-6 11 7
-7 10 8
-8 11 9 0
$
&Graph
N7,6
11
-1 2 9 6
-2 3 4 11
-3 5 8
-4 7 9 5
-5 6 11
-6 7 10
-7 8
-8 11
-9 10
-10 11 0
$
&Graph
N8,3b
10
-1 8 5 2
-2 4 3 10
-3 8 5 7
-4 9 5 6
-5 10
-6 8 7
-7 9
-9 10 0
$
&Graph
N8,6
12
-1 2 10 9
-2 3 5 6
-3 4 8 10
-4 5 9
-5 7 11
-6 12 10 7
-7 8
-8 10
-10 11
-11 12 0
$
&Graph
T1
9
-1 2
-2 3 5 9
-3 4
-4 5
-5 6 8
-6 7
-7 9
-8 9 0
$
&Graph
T2
9
-1 5
-2 5 3
-3 4
-4 6 9
-5 7
-6 7
-7 8
-8 9 0
$
&Graph
T3
8
-1 6
-2 6 3
-3 5
-4 5
-5 8 6
-6 7
-7 8 0
$
&Graph
U3,1
7
-1 7 2
-2 3
-3 4 5
-4 6 7
-5 6 0
$
&Graph
U3,2
7
-1 2 7
-2 3 4
-3 5 6
-4 5
-6 7 0
$
&Graph
U3,3
8
-1 2 8 7
-2 3 5
-3 8 4
-4 7
-5 6
-6 7 8 0
$
&Graph
U3,4
8
-1 2 3 4
-2 6 8
-3 6 5
-4 7 5
-5 8
-6 7
-7 8 0
$
&Graph
U3,5
6
-1 2 4
-2 3 6
-3 4
-4 6
-5 6 0
$
&Graph
U3,6
6
-1 5 2 4
-2 6 3
-3 5 4
-4 6
-5 6 0
$
&Graph
U3,7
7
-1 4 2
-2 3
-3 4 6
-4 5 0
$
&Graph
U3,8
7
-1 2 6
-2 5 3
-3 4 7
-5 7
-6 7 0
$
&Graph
U3,9
6
-1 2
-2 3
-3 4 6
-4 5 0
$
&Graph
U3,10
7
-1 2
-2 3
-3 4 5
-4 7
-5 6 0
$
&Graph
U4,1
10
-1 2 7
-2 3
-3 10 8
-4 5
-5 6
-6 10 7
-7 8
-8 9
-9 10 0
$
&Graph
U4,2
10
-1 7 2
-2 3 4 10
-3 7 6 8
-4 5 8
-5 6
-8 9
-9 10 0
$
&Graph
U4,2a
10
-1 2 5
-2 3 7 6
-3 8 4
-4 7 6 5
-6 10
-7 8 9
-9 10 0
$
&Graph
U4,3
10
-1 2 3
-2 4
-3 5 10
-4 10 5
-5 6
-6 9 8
-7 8 9
-8 10
-9 10 0
$
&Graph
U4,4
9
-1 2 8 7
-2 3
-3 7 8
-4 9 7 5
-5 6
-6 7 9
-8 9 0
$
&Graph
U4,5
8
-1 2 4 5 6
-2 3 8
-4 8
-5 8
-6 7 8 0
$
&Graph
U4,6
10
-1 3 2
-2 4
-3 10 5
-4 5 10
-5 6 7
-6 10 9
-7 10 8
-8 9 0
$
&Graph
U4,7
8
-1 2
-2 3 7 8
-3 4 5 6
-4 7
-5 7
-6 8 0
$
&Graph
U4,8
8
-1 3 5
-2 5 3
-3 8 4
-4 7 6 5
-5 8
-6 8
-7 8 0
$
&Graph
U4,9
10
-1 4 2 6
-2 3 10 9
-3 4 6
-4 10
-5 8
-6 7
-7 9
-8 9 10 0
$
&Graph
U4,10
10
-1 2 4 6 7
-2 5 3 9
-3 4 10
-4 5 9
-5 6
-6 10 8
-7 8 10
-8 9 0
$
&Graph
U4,11
10
-1 6 9 2
-2 5 4 3
-3 10
-4 6 7 9
-5 8 6 9
-7 8
-9 10 0
$
&Graph
U4,12
9
-1 2
-2 7 3
-3 8 9 4
-4 5
-5 6
-6 9 8
-7 8 9 0
$
&Graph
U4,13
9
-1 2
-2 8 3
-3 6 7 4
-4 5
-5 6
-6 9
-7 8
-8 9 0
$
&Graph
U4,14
9
-1 2
-2 5 3
-3 4 6
-4 5
-5 6 9
-6 7
-7 8
-8 9 0
$
&Graph
U4,15
9
-1 2
-2 7 3
-3 8 9 4
-4 5
-5 6
-6 9
-7 9 8 0
$
&Graph
U4,15a=U4,12
9
-1 2 3 4 5
-2 6 8
-3 7
-4 8 9
-5 8
-7 9 0
$
&Graph
U4,15b=U4,12?
9
-1 2 3 4 5
-2 6 
-3 7 8
-4 7 8 
-5 9 0
$
&Graph
U4,16
9
-1 2 3 4 5
-2 6 
-3 7 8
-4 8 
-5 9 0
$
&Graph
U4,17
9
-1 2 3 4 5
-2 6 7
-3 7
-4 8 9
-5 9
-7 8 0
$
&Graph
U4,19
10
-1 2 3
-2 4 5 6 
-3 6
-4 7 8
-5 7 10
$
&Graph
U4,20
11
-1 2 3 4 
-2 5 11
-3 8 6
-4 6 7
-5 6 9
-6 10
-7 10
-8 9 11
-9 10
-10 11 0
$
&Graph
U4,21
10
-1 2 3 4 5
-2 7
-3 6 7 9
-4 6 8 10
-5 10
-7 8
-8 9
-9 10 0
$
&Graph
U4,22
10
-1 2 3 4
-2 6 7
-3 5
-4 6 8
-5 6
-7 9
-8 10
-9 10 0
$
&Graph
U4,23
11
-1 2 3 4 5
-2 6 7 9
-3 6 7 8
-4 6 7 8 11
-5 7 8 10
-6 10
-7 11
-8 9 0
$
&Graph
U4,24
11
-1 2 3 4 5
-2 6 8 9
-3 6 7 10
-4 7 8
-5 7 8 11
-6 11
-7 9
-8 10
-9 10 0
$
&Graph
U4,25=A5
10
-1 2 3 4 5
-2 9
-3 6 8
-4 6 7
-5 8 10
-7 8
-9 10 0
$
&Graph
U4,26
10
-1 2 3 4 5
-2 6 7 9
-3 6 8 9
-4 9 10
-5 9
-6 10
-7 8 0
$
&Graph
U4,27
11
-1 2 3 4 5
-2 6 7 9
-3 6 7 8
-4 7 8 10
-5 8 11
-6 10
-7 11
-8 9
-9 10 0
$
&Graph
U4,28
10
-1 2 3 4 5
-2 7 9
-3 8 9
-4 6 10
-5 6
-7 8
-9 10 0
$
&Graph
U4,29
10
-1 2 3 4 5
-2 6
-3 7 8
-4 7 9
-5 7 10
-6 7
-8 9 0
$
&Graph
U4,30= H5Aa
9
-1 2 3 4 5
-2 8 9
-3 6
-4 7 8
-5 8 9
-6 7 0
$
&Graph
U4,31
10
-1 2 3 4 5
-2 6 7
-3 6 7 10
-4 7 8
-5 8 9
-7 9
-8 10 0
$
&Graph
U4,32
10
-1 2 3 4 5
-2 6 10
-3 7 8
-4 6 7 10
-5 9
-7 9
-8 9 10 0
$
&Graph
U4,33
10
-1 2 3 4 5
-2 6 7
-3 7 8
-4 6 7 10
-5 9
-7 9
-8 9 10 0
$
&Graph
U4,34
10
-1 2 3 4 5
-2 6 10
-3 6 7 8
-4 7 8 9
-5 7 8
-6 9
-7 10
-9 10 0
$
&Graph
U4,35=N7,1c
9
-1 2 3 4 5
-2 6 7
-4 6 7 8
-5 6 9
-8 9 0
$
&Graph
U4,36
9
-1 2 3 4 5
-2 6 9
-3 7 8
-4 8
-5 6 9
-8 9 0
$
&Graph
U4,37=K4,4
8
-1 2 3 4 5
-2 6 7 8
-3 6 7 8
-4 6 7 8
-5 6 7 8 0
-5 6 9
-8 9 0
$
&Graph
U4,38
11
-1 2 3 4 5
-2 6 10
-3 6 7 
-4 7 9 11
-5 8 9
-6 9
-7 10
-8 11
-10 11 0
$
&Graph
U4,39
11
-1 2 3 4 5
-2 6 10
-3 6 7 11
-4 7 9 11
-5 8 9
-6 9
-7 10
-8 11
-10 11 0
$
&Graph
U4,40
11
-1 2 3 4 5
-2 6 10
-3 6 7 11
-4 7 9 11
-5 7 8 9
-6 9
-7 10
-8 11 0
$
&Graph
U4,41
11
-1 2 3 4 5
-2 6 10
-3 6 7 11
-4 7 9 11
-5 7 8 9
-6 8 9
-7 10
-8 11 0
$
&Graph
U4,42
11
-1 2 3 4 5
-2 6 10
-3 6 7 
-4 7 9 11
-5 8 9
-6 9 11
-7 10
-8 11
-9 10
-10 11 0
$
&Graph
U4,43
11
-1 2 3 4 5
-2 6 10 11
-3 6 7
-4 7 9 11
-5 6 7 8
-6 9
-7 10
-8 11 
-9 10 0
$
&Graph
U4,44
11
-1 2 3 4 5
-2 6 10
-3 6 8 9
-4 7 8 9
-5 7 11
-6 7
-8 10 11 
-9 10 11 0
$
&Graph
U4,45
11
-1 2 3 4 5
-2 6 8 10
-3 6 7 11 
-4 7 9
-5 7 8
-6 9
-7 10
-8 11 
-10 11 0
$
&Graph
U4,46
11
-1 2 3 4 5
-2 6 10 11
-3 6 7 11
-4 7 9 11
-5 8
-6 9
-7 10
-8 11 0
$
&Graph
U4,47
11
-1 2 3 4 5
-2 6 10
-3 6 7 11
-4 7 9 11
-5 8 9
-6 9
-7 8 10
-8 11 
-10 11 0
$
&Graph
U4,48
12
-1 2 3 4 5
-2 6 10
-3 6 9 
-4 7 8
-5 7 11 12
-6 7 8
-8 11 12
-9 10 11
-10 12 0
$
&Graph
U4,49
12
-1 2 3 4 5
-2 6 10
-3 6 9 
-4 7 8
-5 7 11 12
-6 7 11
-8 11 12
-9 10 11
-10 12 0
$
&Graph
U4,50
12
-1 2 3 4 5
-2 6 11
-3 6 9 12
-4 7 8
-5 7 11 12
-6 7 8
-8 11 12
-9 10 11
-10 12 0
$
&Graph
U4,51
12
-1 2 3 4 5
-2 6 8
-3 6 9 12
-4 7 8
-5 7 11
-6 11
-8 11 12
-9 10 11
-10 12 0
$
&Graph
U4,52
12
-1 2 3 4 5
-2 6 11
-3 6 9 12
-4 7 8
-5 7 11 12
-6 7 11
-8 11 12
-9 10 11
-10 12 0
$
&Graph
U4,53
12
-1 2 3 4 5
-2 6 10
-3 6 9 12
-4 7 8
-5 7 11 12
-6 11
-7 9
-8 11 12
-9 10 11
-10 12 0
$
&Graph
U4,54
12
-1 2 3 4 5
-2 6 10
-3 6 9 12
-4 7 10
-5 7 11 12
-6 11
-7 9
-8 11 12
-9 10 11
-10 12 0
$
&Graph
U4,55
12
-1 2 3 4 5
-2 6 8 10
-3 6 9 12
-4 7 8 10
-5 7 11 12
-6 7 11
-7 9
-8 11 12
-9 10 11
-10 12 0
$
&Graph
U4,56
11
-1 2 3 4 5
-2 6
-3 6 9
-4 7 8
-5 7 10 11
-6 11
-7 9
-8 10 11
-9 11 0
$
&Graph
U4,57
11
-1 2 3 4 5
-2 6 10
-3 6 9
-4 7 8
-5 7 11
-6 11
-7 9
-8 11
-9 10 11 0
$
&Graph
WL8
8
-1 2 3 4
-2 6 7
-3 5
-4 6 8
-5 6
-7 8 0
$
&Graph
W4,1
11
-1 2 3 4 5
-2 6 10
-3 7 10
-4 8 11
-5 9 11
-6 7
-8 9
-10 11 0
$
&Graph
W4,2
11
-1 2 3 4 5
-2 7 10
-3 6
-4 7 8 11
-5 9 11
-6 7
-8 9
-10 11 0
$
&Graph
W4,3
12
-1 2 3 4 5
-2 6 10
-3 6 9 12
-4 7 8
-5 7 11 12
-6 7
-8 11 12
-9 10 11
-10 12 0
$
&Graph
X1
11
-1 2 3 4 5
-2 6 10
-3 7 10
-4 8 11
-5 9 11
-6 7
-8 9 10
-10 11 0
$
&Graph
X2
11
-1 2 3 4 5
-2 6 10
-3 7 10
-4 8 11
-5 7 9 11
-6 7
-8 9
-10 11 0
$
&Graph
X3
11
-1 2 3 4 5
-2 6 10
-3 7 10
-4 8 11
-5 9 11
-6 7
-7 8
-8 9
-10 11 0
$
&Graph
X4
11
-1 2 3 4 5
-2 6 10
-3 7 10
-4 8 11
-5 7 9 11
-6 7
-7 9 10
-8 9 10
-10 11 0
$
&Graph
X5
11
-1 2 3 4 5
-2 6 8 10
-3 7 10
-4 8 11
-5 9 11
-6 7
-8 9
-9 10
-10 11 0
$
&Graph
X6
11
-1 2 3 4 5
-2 6 10
-3 7 10
-4 8 11
-5 7 9 11
-6 7
-7 8
-8 9
-10 11 0
$
&Graph
X7
11
-1 2 3 4 5
-2 6 8 10
-3 7 10
-4 8 11
-5 7 9 11
-6 7
-8 9
-10 11 0
$
&Graph
X8
11
-1 2 3 4 5
-2 6 10
-3 7 10
-4 8 11
-5 7 9 11
-6 7
-7 8
-8 9 10
-10 11 0
$
&Graph
X9=H3Rc
11
-1 2 3 4 5
-2 8 9 10
-3 8 9 11
-4 6 9
-5 7 10
-6 8
-7 9
-10 11 0
$
&Graph
X10
11
-1 2 3 4 5
-2 8 9 10
-3 8 9 11
-4 6 9
-5 7
-6 8 10
-7 9
-10 11 0
$
&Graph
X11=X12
11
-1 2 3 4 5
-2 8 9 10
-3 8 9 11
-4 6 9
-5 7
-6 8 10
-7 9 10
-10 11 0
$
&Graph
X13
11
-1 2 3 4 5
-2 8 9 10
-3 8 9 11
-4 6 9
-5 7
-6 7
-7 9
-10 11 0
$
&Graph
X14
11
-1 2 3 4 5
-2 8 9 10
-3 8 9 11
-4 6 9 10
-5 7
-6 8
-7 9 10
-10 11 0
$
&Graph
X15
11
-1 2 3 4 5
-2 6 10
-3 7 10
-4 8 11
-5 9 11
-6 7 9
-7 8
-8 9
-10 11 0
$
&Graph
X16
11
-1 2 3 4 5
-2 6 10
-3 7 9 10
-4 8 11
-5 9 11
-6 7
-7 8
-8 9
-10 11 0
$
&Graph
X17
11
-1 2 3 4 5
-2 6 10
-3 7 9 10
-4 8 11
-5 9 11
-6 7
-7 8
-8 9 10
-10 11 0
$
&Graph
X18
11
-1 2 3 4 5
-2 6 10
-3 7 9 10
-4 8 11
-5 9 11
-6 7 9
-7 8
-8 9
-10 11 0
$
&Graph
X19
11
-1 2 3 4 5
-2 6 10
-3 7 9 10
-4 7 8 11
-5 7 9 11
-6 7
-7 8
-8 9
-10 11 0
$
&Graph
X20
11
-1 2 3 4 5
-2 8 9 10
-3 8 9 11
-4 6 9
-5 6 7
-6 8
-7 8 9
-10 11 0